Insert 801 801 101 102 103 104 105 106 107 0
Insert 802 802 101 102 103 104 105 106 107 0
Insert 803 803 101 102 103 104 105 106 107 108 0
Insert 804 804 101 102 103 104 105 106 107 108 0
Insert 805 805 101 102 103 104 105 106 107 108 0
Insert 901 901 201 202 203 204 205 206 207 208 0
Insert 902 902 201 202 203 204 205 206 207 208 209 0
Insert 903 903 201 202 203 204 205 206 207 208 209 210 0
SameSame
Insert 803 803 101 102 103 104 105 106 107 108 109 0
SameSame
Insert 901 901 201 202 203 204 205 206 207 208 209 0
SameSame
Insert 903 903 201 202 203 204 205 206 207 208 209 0
SameSame